
原始网络为：
1  2  3  4  5  6  7  8  9  10  11  12  13  14  15  16  17  18  19  20  21  22  23  24  25  26  27  28  29  30  31  32  33  


使用Girvan-Newman算法分析3个社区：

社区1：24  25  26  28  29  32  
社区2：1  2  3  4  5  6  7  8  11  12  13  14  17  18  20  22  
社区3：9  10  15  16  19  21  23  27  30  31  33  
导致分裂的边和分裂的过程为：


在原始网络的基础上去掉边(介数最大的边)：v(3,33),v(1,32),v(1,9),v(2,31),v(1,3),v(3,9),v(3,28),v(3,29),
将分裂为2个社区，分裂后的情况为：
社区1：9  10  15  16  19  21  23  24  25  26  27  28  29  30  31  32  33  
社区2：1  2  3  4  5  6  7  8  11  12  13  14  17  18  20  22  

再去掉边(介数最大的边)：v(32,33),v(24,33),v(24,30),
将分裂为3个社区，分裂后的情况为：
社区1：24  25  26  28  29  32  
社区2：1  2  3  4  5  6  7  8  11  12  13  14  17  18  20  22  
社区3：9  10  15  16  19  21  23  27  30  31  33  

